125413
108287
109026
114052
130795
136027
126593
127526
117038
100548
111666
127277
139096
142948
133542
109637
106811
118616
136522
130077
145670
137599
114049
98700
110293
121557
115747
137342
118223
108755
93341
107181
126508
120936
119123
132270
114812
100697
108823
122337
122798
125852
123357
116745
114584
101184
126568
125789
172323
140489
116443
91815
109678
122389
125856
135751
129867
119266
119163
113849
134363
129943
153759
160029
139607
133998
168881
181351
152315
136340
167427
158105
138060
147635
179148
165276
191160
160373
138119
132198
145592
174330
191905
163869
164497
143031
125986
142398
156486
152167
139187
150728
143596
123969
128013
157962
153682
162500
207448
164726
